
SUMMARISING RUN PARAMETERS
==========================
Input filename: ./databases/GTEX_Tomer/SRR659649/SRR659649_1.fastq.gz
Trimming mode: single-end
Trim Galore version: 0.4.4_dev
Cutadapt version: 1.13
Quality Phred score cutoff: 20
Quality encoding type selected: ASCII+33
Adapter sequence: 'AGATCGGAAGAGC' (Illumina TruSeq, Sanger iPCR; user defined)
Maximum trimming error rate: 0.1 (default)
Minimum required adapter overlap (stringency): 1 bp
Minimum required sequence length before a sequence gets removed: 20 bp
Output file will be GZIP compressed


This is cutadapt 1.13 with Python 2.7.15
Command line parameters: -f fastq -e 0.1 -q 20 -O 1 -a AGATCGGAAGAGC ./databases/GTEX_Tomer/SRR659649/SRR659649_1.fastq.gz
Trimming 1 adapter with at most 10.0% errors in single-end mode ...
Finished in 964.31 s (13 us/read; 4.71 M reads/minute).

=== Summary ===

Total reads processed:              75,683,758
Reads with adapters:                31,725,430 (41.9%)
Reads written (passing filters):    75,683,758 (100.0%)

Total basepairs processed: 5,751,965,608 bp
Quality-trimmed:             474,027,912 bp (8.2%)
Total written (filtered):  4,724,888,123 bp (82.1%)

=== Adapter 1 ===

Sequence: AGATCGGAAGAGC; Type: regular 3'; Length: 13; Trimmed: 31725430 times.

No. of allowed errors:
0-9 bp: 0; 10-13 bp: 1

Bases preceding removed adapters:
  A: 25.9%
  C: 22.1%
  G: 18.0%
  T: 12.3%
  none/other: 21.7%

Overview of removed sequences
length	count	expect	max.err	error counts
1	16854783	18920939.5	0	16854783
2	4914825	4730234.9	0	4914825
3	1394941	1182558.7	0	1394941
4	299280	295639.7	0	299280
5	75038	73909.9	0	75038
6	17408	18477.5	0	17408
7	11644	4619.4	0	11644
8	10244	1154.8	0	10244
9	19783	288.7	0	12069 7714
10	28036	72.2	1	17636 10400
11	18600	18.0	1	9613 8987
12	23262	4.5	1	16921 6341
13	13446	1.1	1	7547 5899
14	14115	1.1	1	8561 5554
15	11933	1.1	1	6706 5227
16	16474	1.1	1	8593 7881
17	26018	1.1	1	14783 11235
18	30065	1.1	1	20218 9847
19	12358	1.1	1	6632 5726
20	18901	1.1	1	11619 7282
21	20113	1.1	1	12667 7446
22	14806	1.1	1	8963 5843
23	15276	1.1	1	8279 6997
24	17163	1.1	1	9804 7359
25	15561	1.1	1	8776 6785
26	15015	1.1	1	5976 9039
27	19983	1.1	1	8573 11410
28	17638	1.1	1	7686 9952
29	18488	1.1	1	5509 12979
30	12591	1.1	1	5139 7452
31	11507	1.1	1	4274 7233
32	18992	1.1	1	7514 11478
33	37624	1.1	1	17050 20574
34	28517	1.1	1	12766 15751
35	18365	1.1	1	5275 13090
36	40452	1.1	1	20027 20425
37	27437	1.1	1	10619 16818
38	31255	1.1	1	14567 16688
39	27642	1.1	1	12681 14961
40	26304	1.1	1	8017 18287
41	33496	1.1	1	9415 24081
42	49931	1.1	1	15092 34839
43	51255	1.1	1	29592 21663
44	21833	1.1	1	10698 11135
45	21400	1.1	1	8997 12403
46	40869	1.1	1	15458 25411
47	41816	1.1	1	15633 26183
48	31471	1.1	1	12537 18934
49	34813	1.1	1	13308 21505
50	48641	1.1	1	21710 26931
51	53532	1.1	1	30885 22647
52	29029	1.1	1	9389 19640
53	47767	1.1	1	18961 28806
54	99645	1.1	1	67170 32475
55	34216	1.1	1	19323 14893
56	37815	1.1	1	19440 18375
57	35098	1.1	1	12373 22725
58	51196	1.1	1	17860 33336
59	53750	1.1	1	10701 43049
60	81232	1.1	1	20115 61117
61	63417	1.1	1	21404 42013
62	75795	1.1	1	15546 60249
63	122499	1.1	1	18815 103684
64	296744	1.1	1	27403 269341
65	399816	1.1	1	69228 330588
66	826860	1.1	1	383954 442906
67	261839	1.1	1	77822 184017
68	677852	1.1	1	19571 658281
69	530599	1.1	1	103858 426741
70	676330	1.1	1	55486 620844
71	917055	1.1	1	73150 843905
72	449242	1.1	1	90520 358722
73	285911	1.1	1	31731 254180
74	267617	1.1	1	25303 242314
75	95046	1.1	1	19620 75426
76	634120	1.1	1	92724 541396


RUN STATISTICS FOR INPUT FILE: ./databases/GTEX_Tomer/SRR659649/SRR659649_1.fastq.gz
=============================================
75683758 sequences processed in total
Sequences removed because they became shorter than the length cutoff of 20 bp:	11008205 (14.5%)

