##BamQC	0.1.25_devel
>>Basic Statistics	pass
#Measure	Value
File name	ERR458878.Aligned.sortedByCoord.out.bam
Command generating Sam/Bam file	ID:STAR PN:STAR VN:STAR_2.6.1a CL:STAR   --runMode alignReads   --runThreadN 8   --genomeDir ./../databases/referenceGenomes/sacCer3_STARindex/   --readFilesIn ./../databases/ENA_files/ERR458878.fastq.gz      --readFilesCommand zcat      --outFileNamePrefix /athena/elementolab/scratch/toy2005/angsd/hw4/STAR/ERR458878.   --outSAMtype BAM   SortedByCoordinate   

Has annotation	No
Total chromosomes	17
Sufficient genome coverage	Yes
Total sequences	1580692
Percent primary alignments	89.544
Percent sequences failed vendor QC	 0.000
Percent marked duplicate	 0.000
Percent sequences spliced	 0.978
Percent sequences paired	 0.000
Percent sequences unmapped	 0.000
Percent sequences without MD Tag String	100.000
Percent sequences without Cigar String	 0.000
Percent sequences with inconsistent Cigar or MD Tag Strings	 0.000
Percent sequences discarded for variant call detection	 0.000
Percent indels	 0.004 (Ins: 0.001; Del: 0.003)
Percent SNPs	 0.000
Percent soft clips	 0.519
>>END_MODULE
>>Genome Coverage	pass
Chromosome_name	Genome_position
Name	0	1000000	
XVI	11.723721093503439	NaN	
XV	1.0	-1.0	
XIV	11.162459775080668	NaN	
XIII	11.511654657836782	NaN	
XII	0.9999999999999994	-1.0000000000000004	
XI	11.447543921922854	NaN	
X	11.469057168513567	NaN	
VIII	11.332134735861445	NaN	
VII	1.0	-1.0	
VI	10.111598681016376	NaN	
V	11.056477540586986	NaN	
M	3.091042453358316	NaN	
IX	10.538820221718257	NaN	
IV	1.000000000000003	-0.9999999999999969	
III	10.53924393931682	NaN	
II	11.710414741445113	NaN	
I	10.275533751098848	NaN	
>>END_MODULE
>>Chromosome Read Density	pass
Chromosome_name	Chromosome_length_(log)	Read_number_(log)
chrM	11.29	3.09
chrI	12.34	10.28
chrVI	12.5	10.11
chrIII	12.66	10.54
chrIX	12.99	10.54
chrVIII	13.24	11.33
chrV	13.27	11.06
chrXI	13.41	11.45
chrX	13.52	11.47
chrXIV	13.57	11.16
chrII	13.61	11.71
chrXIII	13.74	11.51
chrXVI	13.76	11.72
chrXII	13.89	12.19
chrVII	13.9	12.07
chrXV	13.9	11.77
chrIV	14.24	12.2
>>END_MODULE
>>Soft Clip Length Distributions	pass
Length	5'_count	3'_count
0	1415543	1566772
1	39471	8495
2	78090	2863
3	19522	450
4	24222	369
5	737	260
6	618	248
7	516	176
8	400	124
9	243	117
10	215	125
11	214	117
12	204	111
13	181	101
14	182	109
15	147	89
16	100	90
17	87	75
18	0	1
>>END_MODULE
>>Indel Frequencies	pass
Position	Read_del_freq	Read_ins_freq
1	0.0	0.0
2	0.0	0.0
3	0.0	0.0
4	0.0	0.0
5	6.326343145913309E-5	0.0
6	6.326343145913309E-5	0.0
7	0.0	3.1631715729566547E-4
8	0.0013917954921009279	9.489514718869963E-4
9	0.0019611663752331257	0.0017081126493965935
10	0.002024429806692259	0.0011387417662643957
11	0.0016448492179374603	5.061074516730647E-4
12	0.0017713760808557265	0.0018346395123148595
13	0.0030999081414975213	0.0012020051977235287
14	0.003036644710038388	0.0015815857864783273
15	0.0026570641212835897	0.0019611663752331257
16	0.0031631715729566546	0.0018346395123148595
17	0.003416225298793187	0.0019611663752331257
18	0.003732542456088852	0.002087693238151392
19	0.004808020790894115	0.0019611663752331257
20	0.004428440202139316	0.0026570641212835897
21	0.005440655105485446	0.002024429806692259
22	0.0042386499077619166	0.0024672738269061905
23	0.005503918536944579	0.002150956669610525
24	0.005377391674026313	0.003669279024629719
25	0.006010025988617643	0.002910117847120122
26	0.005820235694240244	0.0024040103954470573
27	0.007465084912177704	0.004112123044843651
28	0.004491703633598449	0.0024672738269061905
29	0.005630445399862845	0.0029733812785792554
30	0.004871284222353248	0.002087693238151392
31	0.005630445399862845	0.0019611663752331257
32	0.0050610745167306475	0.0022774835325287913
33	0.006452870008831575	0.0022774835325287913
34	0.004618245104818348	0.0017081180524670602
35	0.005820898544269199	0.001898119090522565
36	0.004872449399296596	0.0022780282905802266
37	0.0035441310771563666	0.0017720655385781833
38	0.003924579705998341	5.696970540965332E-4
39	0.0044950734627956694	0.001076285195317273
40	0.004052713133133526	0.0013297964968094383
41	0.003990253647123502	5.066988758252066E-4
42	0.003547671840354767	0.0013937282229965157
43	0.0025980115706564096	0.0015207872608720447
44	0.0028524575823710516	0.0017748624956975432
45	0.001712246238765762	9.512479104254234E-4
46	5.710902684314625E-4	6.34544742701625E-5
47	5.080352119205382E-4	0.0
48	1.9353452752738352E-4	6.451150917579451E-5
49	0.0	0.0
50	0.0	0.0
51	0.0	0.0
52	0.0	0.0
>>END_MODULE
>>Mapping Quality Distribution	pass
MAPQ	Count
0	20827
1	36466
2	0
3	245046
4	0
5	0
6	0
7	0
8	0
9	0
10	0
11	0
12	0
13	0
14	0
15	0
16	0
17	0
18	0
19	0
20	0
21	0
22	0
23	0
24	0
25	0
26	0
27	0
28	0
29	0
30	0
31	0
32	0
33	0
34	0
35	0
36	0
37	0
38	0
39	0
40	0
41	0
42	0
43	0
44	0
45	0
46	0
47	0
48	0
49	0
50	0
51	0
52	0
53	0
54	0
55	0
56	0
57	0
58	0
59	0
60	0
61	0
62	0
63	0
64	0
65	0
66	0
67	0
68	0
69	0
70	0
71	0
72	0
73	0
74	0
75	0
76	0
77	0
78	0
79	0
80	0
81	0
82	0
83	0
84	0
85	0
86	0
87	0
88	0
89	0
90	0
91	0
92	0
93	0
94	0
95	0
96	0
97	0
98	0
99	0
100	0
101	0
102	0
103	0
104	0
105	0
106	0
107	0
108	0
109	0
110	0
111	0
112	0
113	0
114	0
115	0
116	0
117	0
118	0
119	0
120	0
121	0
122	0
123	0
124	0
125	0
126	0
127	0
128	0
129	0
130	0
131	0
132	0
133	0
134	0
135	0
136	0
137	0
138	0
139	0
140	0
141	0
142	0
143	0
144	0
145	0
146	0
147	0
148	0
149	0
150	0
151	0
152	0
153	0
154	0
155	0
156	0
157	0
158	0
159	0
160	0
161	0
162	0
163	0
164	0
165	0
166	0
167	0
168	0
169	0
170	0
171	0
172	0
173	0
174	0
175	0
176	0
177	0
178	0
179	0
180	0
181	0
182	0
183	0
184	0
185	0
186	0
187	0
188	0
189	0
190	0
191	0
192	0
193	0
194	0
195	0
196	0
197	0
198	0
199	0
200	0
201	0
202	0
203	0
204	0
205	0
206	0
207	0
208	0
209	0
210	0
211	0
212	0
213	0
214	0
215	0
216	0
217	0
218	0
219	0
220	0
221	0
222	0
223	0
224	0
225	0
226	0
227	0
228	0
229	0
230	0
231	0
232	0
233	0
234	0
235	0
236	0
237	0
238	0
239	0
240	0
241	0
242	0
243	0
244	0
245	0
246	0
247	0
248	0
249	0
250	0
251	0
252	0
253	0
254	0
255	1278353
>>END_MODULE
